54.060976 6.444755 6
54.060799 6.430951 6
54.061149 6.458423 6
54.070057 6.416606 6
54.078934 6.443637 6
54.063512 6.472003 6
54.026960 6.474283 6
54.088086 6.456806 6
54.008999 6.475280 6
54.000196 6.461987 6
54.008202 6.447747 6
54.078803 6.416093 6
54.069955 6.444188 6
54.071756 6.471548 6
54.016382 6.447277 6
54.044920 6.473285 6
54.070128 6.457889 6
54.000209 6.489561 6
54.087736 6.429332 6
54.015884 6.461108 6
54.069778 6.430411 6
54.015727 6.488688 6
54.000192 6.448207 6
54.031760 6.460201 6
54.035940 6.473784 6
54.000199 6.475767 6
54.080009 6.471107 6
54.079107 6.457340 6
54.007955 6.461545 6
54.087912 6.443084 6
54.061312 6.417119 6
54.087558 6.415595 6
54.055259 6.472443 6
54.023575 6.488261 6
54.039273 6.487390 6
54.007878 6.489130 6
54.023822 6.460655 6
54.078757 6.429872 6
54.031424 6.487818 6
54.017988 6.474781 6
53.992926 6.844602 11
53.994683 6.869533 11
53.986189 6.869585 11
53.988394 6.881951 11
53.995695 6.882007 11
53.993626 6.857107 11
53.984730 6.814381 11
53.981515 6.792495 11
53.983581 6.781159 11
53.979522 6.803902 11
53.985645 6.769792 11
53.980676 6.857848 11
53.980962 6.882099 11
53.979176 6.869562 11
53.979131 6.842844 11
53.969026 6.851859 11
53.970895 6.864937 11
53.972949 6.877840 11
53.982799 6.894559 11
53.974967 6.890852 11
53.990116 6.894525 11
53.997425 6.894507 11
53.976853 6.903079 11
53.978338 6.830288 11
53.977572 6.817745 11
53.970980 6.828550 11
53.971773 6.841135 11
53.978289 6.769651 11
53.976260 6.780969 11
53.974221 6.792316 11
53.980325 6.758317 11
53.968829 6.770995 11
53.970932 6.759340 11
53.993917 6.747670 11
53.967270 6.747674 11
53.973024 6.747669 11
53.966213 6.785574 11
53.972181 6.803632 11
53.963356 6.774017 11
53.962428 6.760848 11
53.985344 6.826934 11
53.986705 6.802898 11
53.961507 6.747665 11
53.990754 6.780152 11
53.970196 6.815036 11
53.988726 6.791549 11
53.992821 6.768905 11
53.987324 6.845517 11
53.992494 6.832099 11
53.991898 6.819513 11
53.994330 6.802024 11
53.982230 6.747675 11
53.988073 6.747665 11
53.987790 6.758511 11
54.021665 6.593495 2
54.021670 6.606335 2
54.021666 6.618336 2
54.014336 6.593842 2
54.014333 6.606741 2
54.014331 6.618847 2
54.007510 6.594160 2
54.007499 6.607103 2
54.007498 6.619313 2
54.000333 6.594482 2
54.000341 6.607499 2
54.000343 6.619829 2
54.522649 7.765884 2
54.533426 7.765884 2
54.538828 7.778318 2
54.522648 7.703879 2
54.511801 7.641013 2
54.517174 7.703883 2
54.511801 7.679075 2
54.533426 7.691483 2
54.522648 7.666673 2
54.528023 7.703879 2
54.533425 7.679072 2
54.538832 7.716289 2
54.511799 7.666671 2
54.533424 7.703878 2
54.528024 7.679077 2
54.522651 7.728694 2
54.517172 7.741084 2
54.517174 7.666666 2
54.522654 7.716286 2
54.511797 7.741095 2
54.538835 7.666671 2
54.517175 7.691477 2
54.511802 7.728691 2
54.517175 7.679072 2
54.522649 7.691472 2
54.522654 7.741085 2
54.522648 7.753477 2
54.533427 7.728699 2
54.517168 7.728694 2
54.533431 7.741094 2
54.517172 7.716288 2
54.538827 7.679068 2
54.511802 7.728691 2
54.517176 7.653828 2
54.538828 7.641012 2
54.528016 7.641016 2
54.511801 7.765887 2
54.522649 7.653833 2
54.538827 7.653826 2
54.533426 7.653834 2
54.511797 7.741095 2
54.511801 7.653835 2
54.538829 7.728701 2
54.528024 7.691470 2
54.528022 7.666668 2
54.533424 7.753474 2
54.511797 7.716287 2
54.511800 7.753483 2
54.511801 7.765887 2
54.517176 7.765880 2
54.511801 7.691479 2
54.517174 7.753474 2
54.528015 7.778317 2
54.511799 7.666671 2
54.538832 7.741082 2
54.522650 7.641024 2
54.511799 7.703883 2
54.511800 7.753483 2
54.511799 7.703883 2
54.528020 7.716288 2
54.538827 7.765891 2
54.533426 7.778325 2
54.517176 7.641020 2
54.533424 7.666662 2
54.538827 7.691480 2
54.528015 7.653827 2
54.511801 7.691479 2
54.511797 7.716287 2
54.528015 7.765893 2
54.522649 7.679065 2
54.528023 7.753484 2
54.511801 7.653835 2
54.533431 7.716288 2
54.511801 7.641013 2
54.533426 7.641022 2
54.538835 7.703877 2
54.528016 7.728697 2
54.538835 7.753479 2
54.511801 7.679075 2
54.528020 7.741090 2
55.006076 7.766769 2
55.007046 7.777340 2
55.009041 7.739531 2
55.003689 7.745171 2
55.011467 7.761349 2
55.012494 7.772233 2
55.004609 7.755978 2
55.013701 7.783175 2
55.010143 7.750443 2
55.042854 7.752023 2
55.026560 7.781252 2
55.044365 7.762713 2
54.998381 7.750730 2
55.042554 7.741218 2
55.032149 7.769520 2
55.008037 7.788444 2
55.057700 7.767891 2
55.045508 7.773493 2
55.039751 7.781008 2
54.999330 7.761723 2
55.052256 7.776041 2
55.038800 7.770458 2
55.049530 7.753694 2
55.033367 7.780748 2
54.995638 7.777984 2
54.987892 7.762075 2
54.982496 7.767867 2
55.000734 7.772561 2
54.988749 7.772989 2
55.001840 7.783393 2
54.994058 7.767450 2
55.035798 7.791143 2
55.042779 7.790917 2
55.027691 7.791934 2
54.983621 7.778693 2
55.047231 7.783990 2
55.053798 7.786499 2
55.040046 7.799919 2
54.977149 7.773265 2
54.972021 7.778905 2
55.047088 7.799474 2
55.060518 7.799886 2
55.060240 7.789028 2
55.032839 7.799916 2
55.002749 7.794388 2
55.058879 7.778689 2
55.051080 7.764634 2
55.053913 7.799927 2
55.023834 7.799919 2
54.972826 7.789364 2
54.990239 7.783525 2
54.973767 7.799928 2
55.015709 7.799927 2
54.997220 7.799635 2
55.008885 7.799599 2
54.984788 7.789316 2
54.979165 7.795079 2
54.966756 7.784454 2
54.996365 7.788608 2
54.993201 7.756519 2
54.991091 7.794191 2
54.966720 7.799904 2
55.036405 7.748937 2
55.021598 7.791038 2
55.036131 7.737992 2
55.031186 7.758800 2
55.024532 7.759350 2
54.978274 7.784153 2
54.985594 7.799919 2
55.029390 7.737922 2
55.016523 7.748649 2
55.018931 7.770660 2
55.019991 7.781342 2
55.025686 7.770359 2
55.017858 7.759650 2
55.037809 7.759581 2
55.015658 7.737947 2
55.023064 7.748492 2
55.022521 7.737700 2
55.029633 7.748460 2
55.145111 7.168850 2
55.093697 7.170464 2
55.103258 7.170372 2
55.136478 7.169055 2
55.130797 7.190242 2
55.153697 7.168425 2
55.091486 7.225711 2
55.067578 7.174492 2
55.078858 7.188375 2
55.111167 7.170183 2
55.092078 7.205939 2
55.092800 7.188544 2
55.127853 7.169419 2
55.109911 7.217119 2
55.102347 7.194083 2
55.075622 7.175128 2
55.159636 7.168325 2
55.124092 7.186500 2
55.109456 7.192900 2
55.083025 7.182108 2
55.116225 7.193519 2
55.071699 7.207541 2
55.067105 7.240760 2
55.107480 7.237780 2
55.234563 7.170465 2
55.064910 7.199998 2
55.065637 7.213967 2
55.101616 7.217096 2
55.064100 7.186019 2
55.119270 7.169985 2
55.073741 7.191848 2
55.090942 7.242080 2
55.119032 7.215740 2
55.081625 7.244181 2
55.206032 7.172576 2
55.074216 7.246463 2
55.074086 7.226309 2
55.184109 7.178449 2
55.165253 7.205732 2
55.155757 7.207869 2
55.130526 7.231651 2
55.081925 7.225806 2
55.127911 7.213195 2
55.146014 7.228141 2
55.138002 7.188724 2
55.198727 7.174545 2
55.169527 7.182443 2
55.145877 7.187002 2
55.160894 7.183275 2
55.153078 7.185310 2
55.100768 7.239783 2
55.196946 7.215086 2
55.163055 7.223837 2
55.188424 7.217415 2
55.171453 7.221627 2
55.066322 7.227640 2
55.213346 7.170622 2
55.217249 7.189464 2
55.231861 7.185702 2
55.208665 7.193658 2
55.154533 7.226162 2
55.199337 7.194960 2
55.182099 7.200436 2
55.190552 7.197761 2
55.114778 7.235922 2
55.176795 7.180400 2
55.173602 7.202687 2
55.191414 7.176497 2
55.205462 7.212992 2
55.179907 7.219523 2
55.229214 7.198780 2
55.220650 7.168667 2
55.222735 7.208570 2
55.082620 7.206363 2
55.137925 7.229959 2
55.214042 7.210878 2
55.229220 7.167172 2
55.225047 7.184409 2
55.137355 7.211235 2
55.146710 7.209969 2
54.504118 6.373850 7
54.516438 6.347253 7
54.491992 6.370195 7
54.467741 6.367106 7
54.516442 6.332727 7
54.485871 6.394739 7
54.479777 6.362905 7
54.504140 6.332169 7
54.498104 6.373031 7
54.485882 6.367083 7
54.510333 6.332507 7
54.510331 6.346706 7
54.516404 6.405311 7
54.467725 6.392095 7
54.491978 6.398226 7
54.516445 6.318216 7
54.473660 6.387179 7
54.504138 6.318281 7
54.510297 6.403535 7
54.522510 6.406639 7
54.498078 6.400511 7
54.510306 6.389320 7
54.534739 6.394624 7
54.522525 6.391894 7
54.516442 6.332727 7
54.528629 6.394797 7
54.498095 6.386300 7
54.479761 6.391592 7
54.479774 6.377248 7
54.528616 6.410101 7
54.491981 6.383786 7
54.473675 6.372514 7
54.485882 6.381119 7
54.540831 6.415821 7
54.516424 6.376274 7
54.522538 6.377134 7
54.504130 6.359961 7
54.534726 6.409915 7
54.492001 6.356620 7
54.510327 6.360921 7
54.498111 6.359747 7
54.504113 6.387738 7
54.504131 6.346058 7
54.522556 6.318140 7
54.492009 6.343044 7
54.492006 6.329470 7
54.498117 6.346479 7
54.540874 6.360016 7
54.522550 6.332885 7
54.485896 6.338994 7
54.534774 6.318143 7
54.534759 6.364028 7
54.540864 6.373963 7
54.528657 6.348933 7
54.534766 6.348738 7
54.528662 6.333630 7
54.540882 6.332122 7
54.534771 6.333433 7
54.528665 6.318342 7
54.522551 6.347645 7
54.534750 6.379319 7
54.510322 6.375120 7
54.540846 6.401873 7
54.540860 6.387910 7
54.522541 6.362389 7
54.479786 6.348546 7
54.485890 6.353046 7
54.540875 6.346069 7
54.461614 6.390123 7
54.528640 6.379509 7
54.510342 6.318307 7
54.528650 6.364221 7
54.498121 6.333195 7
54.473697 6.357863 7
54.540888 6.318174 7
54.467733 6.379593 7
54.461632 6.376819 7
54.504108 6.401642 7
54.498115 6.319927 7
54.516432 6.361763 7
54.021679 6.991660 4
54.031029 7.009549 4
54.054969 6.967671 4
54.057547 6.944335 4
54.036336 6.968916 4
54.011337 7.006002 4
54.048225 6.966014 4
54.005495 6.964284 4
54.064966 6.942899 4
54.013898 6.978496 4
54.008036 7.015683 4
54.019918 7.029223 4
54.051520 6.944068 4
53.995317 7.045367 4
54.046142 6.984279 4
54.059828 6.957914 4
54.042516 6.991068 4
54.038524 6.979775 4
54.001278 7.021787 4
54.042640 6.956848 4
54.009033 7.046922 4
54.032705 6.950387 4
54.053214 6.954877 4
54.028250 6.942773 4
54.042921 6.972902 4
53.997787 7.004758 4
54.001661 6.941857 4
53.993662 7.033758 4
54.020699 6.943817 4
53.998571 7.067583 4
53.983605 6.964254 4
54.020721 6.967815 4
53.991013 7.015303 4
54.004109 6.983350 4
54.013915 6.943496 4
53.995294 6.955918 4
54.027432 6.958586 4
54.002206 6.996978 4
54.015949 6.959942 4
53.981935 6.952759 4
54.010934 7.031738 4
54.021279 6.956720 4
54.004223 7.033657 4
53.990728 6.964974 4
54.020519 7.013806 4
54.037563 6.942756 4
53.995746 6.981054 4
53.988405 6.997411 4
53.992449 6.988171 4
54.047174 6.950668 4
53.993831 6.941862 4
54.010991 6.951744 4
54.031847 6.974067 4
54.000917 7.055847 4
53.985479 6.977280 4
54.086089 6.973413 4
54.079875 6.984020 4
54.092310 6.962802 4
54.086071 6.952237 4
54.079841 6.941659 4
54.092300 6.941623 4
54.086126 7.036941 4
54.074437 7.059474 4
54.080666 7.048879 4
54.092336 7.026372 4
54.056231 6.986051 4
54.072791 6.959463 4
54.062121 6.974962 4
54.062384 7.017707 4
54.073957 6.995114 4
54.056315 7.028554 4
54.044410 7.008222 4
54.068064 7.006203 4
54.050312 6.997139 4
54.067123 6.965580 4
54.073944 6.973944 4
54.062152 6.996110 4
54.050368 7.018386 4
54.056344 7.007421 4
54.079860 6.962847 4
54.068035 6.985037 4
54.079886 7.026382 4
54.068207 7.048883 4
54.086111 7.015765 4
54.074435 7.038288 4
54.092281 7.005087 4
54.068415 7.027996 4
54.073975 7.016299 4
54.062270 7.038709 4
54.079878 7.005209 4
54.086102 6.994604 4
54.092325 6.983997 4
54.086896 7.059458 4
54.080666 7.070053 4
54.092377 7.047641 4
54.086886 7.080651 4
54.093126 7.070071 4
3.736321 8.216706 2
54.387564 7.662582 2
54.383309 7.641260 2
54.412156 7.697265 2
54.369458 7.641296 2
54.378387 7.712698 2
54.389610 7.688118 2
54.374343 7.641267 2
54.399377 7.663799 2
54.381755 7.660945 2
54.395175 7.690260 2
54.377171 7.660821 2
54.394998 7.653241 2
54.372163 7.689626 2
54.424305 7.728948 2
54.372213 7.660770 2
54.363023 7.679129 2
54.381301 7.677768 2
54.377437 7.725838 2
54.360453 7.641165 2
54.355993 7.641273 2
54.347064 7.641272 2
54.364996 7.641285 2
54.406847 7.706272 2
54.433846 7.752530 2
54.351536 7.641265 2
54.378821 7.641238 2
54.429362 7.757847 2
54.419624 7.716338 2
54.425005 7.741240 2
54.360113 7.670993 2
54.373888 7.712715 2
54.358548 7.651999 2
54.387815 7.641266 2
54.382791 7.726652 2
54.397158 7.674472 2
54.415327 7.724406 2
54.429997 7.738662 2
54.389023 7.727683 2
54.376266 7.695947 2
54.384420 7.710796 2
54.369951 7.699240 2
54.366561 7.689201 2
54.375712 7.671429 2
54.392298 7.641269 2
54.386463 7.676423 2
54.352302 7.652545 2
54.410531 7.763597 2
54.384362 7.757699 2
54.382216 7.693802 2
54.367308 7.660522 2
54.386584 7.739899 2
54.362980 7.662089 2
54.400756 7.764707 2
56.682424 7.670012 2
54.415404 7.763052 2
54.401444 7.725698 2
54.418677 7.748343 2
54.407795 7.724515 2
54.405672 7.764130 2
54.413720 7.742746 2
54.395543 7.726974 2
54.425200 7.762079 2
54.401720 7.746055 2
54.415382 7.705201 2
54.406912 7.744911 2
54.390967 7.765820 2
54.420287 7.762473 2
54.398657 7.707930 2
54.395842 7.765273 2
54.390460 7.746276 2
54.380248 7.737502 2
54.386047 7.766414 2
54.382596 7.748117 2
54.391473 7.709373 2
54.356669 7.660451 2
54.460218 7.654603 3
54.449597 7.668647 3
54.471324 7.682864 3
54.460374 7.668698 3
54.449761 7.682754 3
54.470987 7.654650 3
54.470829 7.640551 3
54.454668 7.640500 3
54.460043 7.640507 3
54.465444 7.640514 3
54.449424 7.654586 3
54.460547 7.682794 3
54.471161 7.668765 3
54.449266 7.640479 3
54.449914 7.696831 3
54.471486 7.696917 3
54.460709 7.696905 3
54.450074 7.710970 3
54.455598 7.725034 3
54.461166 7.739178 3
54.471638 7.711094 3
54.460851 7.710986 3
54.466394 7.725115 3
54.471952 7.739171 3
54.439287 7.710861 3
54.444839 7.724983 3
54.438975 7.682700 3
54.433734 7.696744 3
54.428501 7.710815 3
54.434053 7.724917 3
54.428034 7.668560 3
54.422957 7.696700 3
54.428197 7.682629 3
54.411765 7.668486 3
54.438811 7.668596 3
54.417411 7.682605 3
54.438655 7.654523 3
54.417092 7.654428 3
54.427869 7.654476 3
54.406296 7.654381 3
54.411523 7.640326 3
54.422318 7.640385 3
54.443882 7.640457 3
54.416925 7.640347 3
54.438488 7.640435 3
54.427702 7.640376 3
54.406139 7.640288 3
54.433095 7.640413 3
53.693008 6.479527 2
53.695311 6.495842 2
53.692368 6.514270 2
53.687242 6.438733 2
53.683164 6.448991 2
53.682010 6.445502 2
53.694160 6.487684 2
53.691856 6.471370 2
53.686623 6.473456 2
53.696461 6.504000 2
53.688926 6.489783 2
53.691224 6.514610 2
53.694833 6.512171 2
53.688397 6.446888 2
53.687775 6.481627 2
53.690704 6.463199 2
53.689550 6.455043 2
53.685470 6.465301 2
53.690068 6.497940 2
53.684317 6.457146 2
53.699394 6.485584 2
53.692475 6.436627 2
53.701695 6.501917 2
53.693630 6.444783 2
53.700545 6.493743 2
53.694783 6.452939 2
53.698242 6.477426 2
53.697090 6.469269 2
53.695937 6.461096 2
53.974109 6.491254 2
53.987584 6.514105 2
53.987586 6.491252 2
53.987581 6.502663 2
53.980864 6.537003 2
53.947193 6.594160 2
53.994358 6.548413 2
53.994358 6.536969 2
53.947188 6.582729 2
53.980859 6.514109 2
53.994336 6.514084 2
53.940447 6.616994 2
53.947197 6.605574 2
53.940445 6.605580 2
53.940451 6.594167 2
53.980857 6.502700 2
53.960658 6.616999 2
53.947199 6.617005 2
53.980887 6.571275 2
53.960668 6.571293 2
53.974138 6.559864 2
53.974142 6.582724 2
53.967417 6.582717 2
53.967387 6.548442 2
53.974108 6.514145 2
53.980891 6.548426 2
53.960661 6.594161 2
53.967383 6.514134 2
53.953918 6.525605 2
53.953919 6.548439 2
53.953945 6.594167 2
53.953916 6.571304 2
53.940451 6.559881 2
53.980890 6.559866 2
53.947191 6.571299 2
53.953919 6.537022 2
53.960670 6.559858 2
53.987612 6.571280 2
53.967422 6.594168 2
53.953919 6.559887 2
53.967416 6.605574 2
53.960671 6.548439 2
53.994333 6.502671 2
53.974138 6.594162 2
53.987615 6.559869 2
53.953915 6.616987 2
53.947194 6.559884 2
53.994366 6.559825 2
53.980834 6.491246 2
53.940434 6.548469 2
53.960665 6.605595 2
53.940449 6.571310 2
53.947168 6.537024 2
53.974145 6.571286 2
53.960641 6.514169 2
53.980893 6.582715 2
53.994329 6.525512 2
53.947195 6.548468 2
53.974137 6.525566 2
53.953922 6.582721 2
53.967387 6.537006 2
53.987614 6.525560 2
53.967431 6.559860 2
53.987615 6.536971 2
53.960665 6.582727 2
53.987615 6.548412 2
53.940445 6.582723 2
53.980862 6.525548 2
53.960643 6.525573 2
53.967362 6.502729 2
53.960671 6.537021 2
53.994310 6.491213 2
53.967386 6.525585 2
53.974147 6.548411 2
53.967411 6.571312 2
53.974113 6.502691 2
53.974138 6.536988 2
53.953949 6.605584 2
55.130073 6.856352 8
55.149504 6.865480 8
55.158244 6.862078 8
55.162135 6.893002 8
55.135904 6.903218 8
55.167262 6.859161 8
55.126884 6.906624 8
55.170885 6.889588 8
55.132007 6.871811 8
55.114239 6.878621 8
55.118423 6.909544 8
55.290517 6.812948 8
55.144654 6.899824 8
55.123267 6.875225 8
55.267896 6.853593 8
55.153395 6.896414 8
55.179904 6.886677 8
55.265951 6.838130 8
55.274699 6.835214 8
55.257203 6.841044 8
55.121324 6.859754 8
55.279829 6.800387 8
55.140755 6.868897 8
55.283726 6.831305 8
55.281779 6.816357 8
55.294123 6.843860 8
55.248464 6.844948 8
55.276644 6.850176 8
55.138803 6.852934 8
55.246527 6.828989 8
55.255266 6.825586 8
55.228753 6.835808 8
55.258878 6.856991 8
55.264005 6.822669 8
55.230698 6.851256 8
55.239446 6.848346 8
55.220004 6.839208 8
55.213210 6.858078 8
55.237770 6.832408 8
55.204470 6.860999 8
55.195721 6.864407 8
55.202526 6.845529 8
55.285384 6.847279 8
55.270803 6.803799 8
55.218345 6.823748 8
55.227084 6.820346 8
55.235832 6.816942 8
55.273031 6.819262 8
55.253318 6.810129 8
55.292465 6.828403 8
55.244570 6.813537 8
55.200571 6.830077 8
55.183093 6.836902 8
55.191832 6.833490 8
55.174066 6.840297 8
55.262344 6.807209 8
55.165606 6.842717 8
55.193490 6.848453 8
55.184751 6.852348 8
55.176011 6.855755 8
55.209319 6.826662 8
55.160474 6.878034 8
55.169214 6.874131 8
55.177963 6.870713 8
55.142697 6.883858 8
55.156579 6.846611 8
55.151446 6.880947 8
55.147830 6.850032 8
55.125225 6.890665 8
55.133966 6.887270 8
55.116466 6.894075 8
55.186703 6.867811 8
54.326047 5.909659 4
54.326046 5.891107 4
54.333134 5.909727 4
54.333734 5.891096 4
54.341421 5.891069 4
54.354944 5.909598 4
54.340416 5.909688 4
54.382879 5.926753 4
54.372465 5.901751 4
54.362208 5.909545 4
54.347671 5.909636 4
54.341407 5.872450 4
54.349117 5.891042 4
54.349697 5.872420 4
54.377668 5.914251 4
54.356841 5.891028 4
54.333711 5.872465 4
54.335292 5.856527 4
54.326005 5.856559 4
54.329984 5.840240 4
54.367252 5.889255 4
54.326033 5.872494 4
54.362038 5.876763 4
54.321641 5.840280 4
54.308218 5.828362 4
54.310630 5.856609 4
54.334981 5.828839 4
54.321604 5.828608 4
54.318317 5.856577 4
54.313288 5.840305 4
54.295247 5.856660 4
54.289212 5.840106 4
54.281403 5.873051 4
54.274955 5.863000 4
54.274922 5.839357 4
54.302943 5.856642 4
54.294840 5.828115 4
54.310649 5.872539 4
54.281463 5.827883 4
54.274905 5.827773 4
54.302953 5.872570 4
54.281380 5.849373 4
54.295265 5.872584 4
54.346574 5.840243 4
54.274944 5.851186 4
54.287592 5.891209 4
54.295288 5.891198 4
54.274976 5.886675 4
54.274985 5.898505 4
54.275004 5.910103 4
54.274958 5.874846 4
54.310663 5.891145 4
54.311333 5.909871 4
54.302976 5.891171 4
54.304060 5.909909 4
54.318359 5.891118 4
54.318426 5.909831 4
54.289532 5.910014 4
54.296796 5.909961 4
54.281236 5.910128 4
54.303502 5.924649 4
54.351606 5.851787 4
54.304945 5.840345 4
54.341548 5.828964 4
54.338355 5.840228 4
54.356822 5.864273 4
54.343878 5.856487 4
54.414408 6.018198 2
54.406771 6.018208 2
54.399116 6.018195 2
54.391468 6.018190 2
54.383823 6.018186 2
54.376181 6.018194 2
54.368521 6.018210 2
54.360878 6.018204 2
54.422049 6.018195 2
54.416778 6.006288 2
54.406359 6.006239 2
54.398486 6.001796 2
54.390311 6.004994 2
54.382086 6.008207 2
54.371198 6.005015 2
54.363001 6.008268 2
54.411872 5.995172 2
54.406967 5.984067 2
54.402710 5.992923 2
54.397380 5.982068 2
54.389189 5.985299 2
54.381005 5.988567 2
54.372818 5.991896 2
54.364603 5.995185 2
54.402037 5.972921 2
54.397121 5.961823 2
54.388166 5.968879 2
54.379980 5.972123 2
54.371766 5.975375 2
54.363579 5.978666 2
54.356410 5.998441 2
54.355375 5.981937 2
54.392206 5.950700 2
54.379134 5.952858 2
54.387299 5.939595 2
54.379296 5.939581 2
54.371647 5.939561 2
54.370982 5.956224 2
54.362859 5.959618 2
54.354632 5.965797 2
54.363997 5.939529 2
54.356359 5.939508 2
54.355453 5.952199 2
54.349482 5.939463 2
54.345256 5.949504 2
54.341053 5.939478 2
54.337119 5.952715 2
54.333408 5.939460 2
54.347184 5.985195 2
54.346414 5.968991 2
54.328865 5.955968 2
54.325772 5.939445 2
54.338214 5.972224 2
54.330011 5.975425 2
54.320666 5.959195 2
54.318125 5.939432 2
54.338984 5.988468 2
54.330794 5.991686 2
54.321725 5.978681 2
54.312466 5.962417 2
54.310471 5.939396 2
54.304228 5.965668 2
54.303528 5.952605 2
54.302812 5.939377 2
54.348294 6.004799 2
54.322593 5.994980 2
54.313630 5.981830 2
54.304933 5.978730 2
54.339918 6.004711 2
54.331533 6.004641 2
54.314391 5.998243 2
54.305633 5.991782 2
54.353231 6.018200 2
54.345590 6.018187 2
54.330282 6.018197 2
54.322638 6.018204 2
54.314990 6.018191 2
54.307058 6.017881 2
54.306305 6.004613 2
54.337926 6.018186 2
54.004778 6.027448 2
54.057855 5.996765 2
54.063749 5.993352 2
54.069644 5.989939 2
54.004711 6.040721 2
54.010199 6.037559 2
54.015687 6.034395 2
54.021175 6.031231 2
54.026663 6.028066 2
54.032151 6.024900 2
54.037660 6.021721 2
54.010673 6.024044 2
54.043148 6.018554 2
54.048635 6.015386 2
54.054123 6.012216 2
54.059611 6.009046 2
54.065098 6.005876 2
54.070585 6.002704 2
54.004642 6.053994 2
54.010721 6.050498 2
54.016799 6.047002 2
54.022877 6.043504 2
54.016568 6.020639 2
54.028956 6.040005 2
54.035034 6.036505 2
54.041138 6.032989 2
54.047216 6.029487 2
54.053293 6.025984 2
54.059371 6.022481 2
54.065448 6.018976 2
54.071526 6.015470 2
54.004571 6.067353 2
54.010228 6.064108 2
54.022463 6.017233 2
54.015885 6.060862 2
54.021541 6.057615 2
54.027197 6.054368 2
54.032854 6.051119 2
54.038537 6.047854 2
54.044193 6.044604 2
54.049849 6.041353 2
54.055505 6.038101 2
54.061161 6.034848 2
54.066817 6.031594 2
54.028358 6.013826 2
54.072473 6.028340 2
54.004500 6.080626 2
54.010762 6.077040 2
54.017025 6.073453 2
54.023287 6.069865 2
54.029549 6.066276 2
54.035811 6.062686 2
54.042102 6.059078 2
54.048364 6.055486 2
54.054626 6.051893 2
54.034253 6.010418 2
54.060887 6.048299 2
54.067149 6.044704 2
54.073410 6.041107 2
54.004427 6.093899 2
54.010251 6.090570 2
54.016075 6.087241 2
54.021900 6.083910 2
54.027724 6.080578 2
54.033548 6.077246 2
54.039405 6.073894 2
54.040171 6.006996 2
54.045229 6.070560 2
54.051053 6.067225 2
54.056876 6.063889 2
54.062700 6.060552 2
54.068523 6.057214 2
54.074347 6.053875 2
54.046066 6.003587 2
54.051960 6.000176 2
54.036872 6.042130 2
54.005426 5.878026 2
54.050775 5.821845 2
54.055811 5.815597 2
54.005378 5.890566 2
54.010573 5.884904 2
54.015768 5.879241 2
54.020963 5.873577 2
54.026157 5.867911 2
54.031301 5.860940 2
54.036407 5.853885 2
54.041574 5.848120 2
54.010465 5.871791 2
54.046741 5.842354 2
54.051908 5.836587 2
54.057074 5.830818 2
54.005329 5.903105 2
54.010194 5.898480 2
54.015058 5.893853 2
54.019922 5.889225 2
54.024786 5.884597 2
54.029650 5.879967 2
54.034258 5.870071 2
54.015504 5.865555 2
54.039074 5.865267 2
54.043890 5.860462 2
54.048705 5.855656 2
54.053520 5.850848 2
54.058335 5.846040 2
54.034927 5.883113 2
54.039861 5.878745 2
54.044795 5.874376 2
54.049728 5.870006 2
54.054662 5.865635 2
54.020542 5.859317 2
54.059595 5.861263 2
54.005279 5.915578 2
54.010285 5.911485 2
54.015291 5.907392 2
54.020296 5.903297 2
54.025302 5.899201 2
54.030307 5.895105 2
54.035599 5.896245 2
54.040652 5.892319 2
54.045704 5.888391 2
54.025580 5.853077 2
54.050757 5.884463 2
54.055809 5.880533 2
54.060862 5.876603 2
54.005227 5.928118 2
54.010889 5.924189 2
54.016551 5.920260 2
54.022213 5.916329 2
54.027875 5.912397 2
54.033618 5.909743 2
54.039367 5.907195 2
54.030627 5.846824 2
54.045055 5.903354 2
54.050742 5.899513 2
54.056430 5.895671 2
54.062117 5.891828 2
54.005174 5.940657 2
54.010463 5.937607 2
54.015752 5.934557 2
54.021041 5.931505 2
54.026329 5.928453 2
54.031618 5.925400 2
54.035665 5.840582 2
54.036929 5.922333 2
54.042217 5.919279 2
54.047506 5.916224 2
54.052794 5.913168 2
54.058082 5.910111 2
54.063370 5.907054 2
54.040702 5.834338 2
54.045738 5.828092 2
54.032611 5.888489 2